61,60
61,59
61,58
64,3
61,53
61,52
61,51
61,50
61,49
61,48
61,47
61,46
61,45
61,44
61,43
61,42
61,41
61,40
61,39
61,38
61,37
61,36
61,35
61,2
61,0
87,4
87,3
87,2
87,1
87,0
0,243
0,386
86,6
86,5
86,4
86,3
86,2
0,538
86,1
86,0
0,537
85,5
85,4
85,3
85,2
85,1
85,0
84,17
84,16
84,15
84,14
84,13
84,12
84,11
84,10
84,9
84,8
84,7
84,6
84,5
84,4
84,3
84,2
84,1
84,0
83,16
83,15
83,14
83,13
83,12
83,11
83,10
83,9
0,485
83,8
83,7
83,6
83,5
83,4
83,3
83,2
83,1
83,0
0,521
14,0
82,15
82,14
82,13
82,12
82,11
82,10
82,9
82,8
0,518
0,517
82,7
82,6
82,5
82,4
82,3
82,2
82,1
82,0
0,513
0,512
81,13
81,12
81,11
81,10
81,9
81,4
81,8
81,7
81,6
81,5
0,400
81,3
81,2
81,1
81,0
0,507
80,10
0,287
80,9
80,8
80,7
0,1
0,307
80,6
80,5
80,4
80,3
80,2
80,1
80,0
79,4
79,3
79,2
79,1
79,0
61,34
61,33
61,32
61,31
61,30
61,29
61,28
61,27
61,26
61,25
61,24
61,23
61,22
61,21
61,20
61,19
61,18
61,17
61,16
61,15
61,14
61,13
61,12
61,11
61,10
61,9
61,8
61,7
61,6
61,5
61,4
61,3
78,3
78,2
78,1
78,0
14,5
14,1
14,4
14,2
77,15
77,14
77,13
77,12
77,11
77,10
77,9
77,8
77,7
77,6
77,5
77,4
77,3
77,2
77,1
77,0
76,4
76,3
76,2
76,1
76,0
0,468
0,469
0,428
0,427
0,465
0,464
0,462
0,486
0,273
0,272
0,271
0,270
75,4
75,3
75,2
0,12
0,275
0,276
75,1
75,0
74,3
74,2
74,1
74,0
73,5
